1142	1040	1024	947.25	
1169	1040	1021	947.5	
1193	1040	1020	947.75	
1175	1040	1019	948	
1166	1039	1024	948.25	
1191	1039	1022	948.5	
1226	1039	1019	948.75	
1204	1039	1019	949	
1190	1038	1024	949.25	
1224	1038	1020	949.5	
1254	1038	1019	949.75	
1227	1038	1019	950	
1218	1037	1024	950.25	
1252	1037	1022	950.5	
1279	1037	1019	950.75	
1266	1037	1019	951	
1253	1036	1017	951.25	
1288	1036	1022	951.5	
1323	1036	1019	951.75	
1288	1036	1020	952	
1292	1035	1023	952.25	
1328	1035	1022	952.5	
1352	1035	1019	952.75	
1324	1035	1020	953	
1330	1034	1023	953.25	
1361	1034	1018	953.5	
1388	1034	1019	953.75	
1364	1034	1019	954	
1368	1033	1022	954.25	
1403	1033	1021	954.5	
1440	1033	1019	954.75	
1397	1033	1020	955	
1409	1032	1018	955.25	
1450	1032	1019	955.5	
1480	1032	1019	955.75	
1439	1032	1019	956	
1466	1031	1019	956.25	
1495	1031	1020	956.5	
1532	1031	1019	956.75	
1507	1031	1020	957	
1510	1030	1018	957.25	
1554	1030	1021	957.5	
1603	1030	1020	957.75	
1540	1030	1019	958	
1569	1029	1020	958.25	
1617	1029	1020	958.5	
1653	1029	1020	958.75	
1595	1029	1020	959	
1635	1028	1020	959.25	
1679	1028	1020	959.5	
1707	1028	1019	959.75	
1695	1025	1020	960	
1696	1027	1020	960.25	
1731	1027	1019	960.5	
1810	1024	1020	960.75	
1836	1024	1020	961	
1845	1023	1020	961.25	
1900	1023	1020	961.5	
1923	1023	1020	961.75	
1923	1022	1020	962	
1925	1022	1020	962.25	
1925	1022	1019	962.5	
1925	1022	1020	962.75	
1925	1021	1020	963	
1927	1021	1020	963.25	
1896	1021	1020	963.5	
1896	1020	1020	963.75	
1866	1020	1020	964	
1921	1023	1020	964.25	
1929	1023	1020	964.5	
1929	1022	1020	964.75	
1929	1022	1019	965	
1931	1022	1019	965.25	
1931	1021	1019	965.5	
1931	1021	1020	965.75	
1931	1021	1020	966	
1905	1021	1020	966.25	
1905	1020	1020	966.5	
1866	1020	1020	966.75	
1791	1020	1020	967	
1789	1019	1020	967.25	
1777	1019	1020	967.5	
1732	1016	1020	967.75	
1690	1016	1020	968	
1660	1018	1020	968.25	
1656	1015	1020	968.5	
1673	1015	1020	968.75	
1634	1015	1019	969	
1580	1015	1019	969.25	
1599	1014	1020	969.5	
1618	1014	1019	969.75	
1582	1014	1019	970	
1526	1014	1019	970.25	
1545	1013	1019	970.5	
1566	1013	1019	970.75	
1518	1013	1019	971	
1468	1013	1018	971.25	
1513	1012	1019	971.5	
1510	1012	1019	971.75	
1462	1012	1018	972	
1419	1011	1019	972.25	
1451	1011	1019	972.5	
1457	1011	1018	972.75	

335	1323	1004	947.25	
335	1324	973	947.5	
335	1323	976	947.75	
334	1323	1003	948	
336	1322	976	948.25	
335	1322	1003	948.5	
335	1323	977	948.75	
335	1322	977	949	
336	1322	977	949.25	
335	1323	975	949.5	
335	1322	978	949.75	
335	1322	978	950	
336	1322	975	950.25	
336	1321	978	950.5	
335	1322	979	950.75	
336	1320	978	951	
341	1336	990	951.25	
337	1335	989	951.5	
345	1335	990	951.75	
357	1335	989	952	
350	1335	990	952.25	
359	1334	989	952.5	
365	1334	990	952.75	
369	1334	990	953	
375	1333	990	953.25	
387	1333	990	953.5	
382	1332	990	953.75	
394	1332	990	954	
403	1332	990	954.25	
395	1331	990	954.5	
410	1331	990	954.75	
412	1331	990	955	
417	1330	990	955.25	
427	1330	989	955.5	
425	1330	990	955.75	
432	1329	990	956	
436	1329	990	956.25	
444	1329	990	956.5	
448	1328	990	956.75	
466	1328	990	957	
471	1328	990	957.25	
478	1327	990	957.5	
489	1327	990	957.75	
489	1327	990	958	
499	1326	990	958.25	
507	1326	990	958.5	
508	1326	990	958.75	
528	1325	990	959	
531	1325	990	959.25	
540	1325	990	959.5	
550	1324	990	959.75	
569	1324	990	960	
556	1323	990	960.25	
584	1323	990	960.5	
607	1319	990	960.75	
616	1318	990	961	
645	1318	990	961.25	
650	1317	990	961.5	
669	1317	990	961.75	
670	1316	990	962	
672	1316	990	962.25	
672	1316	990	962.5	
672	1315	989	962.75	
672	1315	990	963	
674	1315	990	963.25	
672	1314	990	963.5	
670	1316	988	963.75	
671	1315	988	964	
672	1315	988	964.25	
672	1315	988	964.5	
672	1314	988	964.75	
671	1314	991	965	
670	1316	989	965.25	
670	1315	989	965.5	
670	1315	990	965.75	
670	1315	990	966	
668	1314	990	966.25	
641	1314	990	966.5	
642	1313	990	966.75	
609	1313	990	967	
592	1312	990	967.25	
591	1308	990	967.5	
572	1308	990	967.75	
566	1307	990	968	
560	1307	990	968.25	
549	1307	990	968.5	
540	1307	990	968.75	
537	1306	990	969	
529	1306	989	969.25	
520	1305	989	969.5	
517	1305	990	969.75	
511	1305	990	970	
499	1304	990	970.25	
500	1304	990	970.5	
493	1304	990	970.75	
482	1303	990	971	
478	1303	990	971.25	
470	1303	990	971.5	
463	1302	990	971.75	
464	1302	990	972	
453	1302	990	972.25	
450	1301	990	972.5	
449	1301	990	972.75	

417	1260	1186	947.25	
413	1262	1184	947.5	
411	1259	1186	947.75	
417	1261	1184	948	
417	1260	1187	948.25	
416	1259	1187	948.5	
418	1259	1187	948.75	
415	1260	1188	949	
416	1259	1188	949.25	
417	1259	1188	949.5	
416	1272	1199	949.75	
418	1258	1188	950	
417	1260	1186	950.25	
428	1271	1199	950.5	
429	1271	1199	950.75	
432	1271	1200	951	
440	1270	1199	951.25	
449	1270	1199	951.5	
449	1270	1200	951.75	
455	1269	1199	952	
471	1269	1199	952.25	
469	1269	1199	952.5	
474	1268	1199	952.75	
490	1268	1199	953	
481	1268	1199	953.25	
490	1267	1199	953.5	
512	1267	1199	953.75	
505	1267	1199	954	
513	1266	1199	954.25	
526	1266	1199	954.5	
520	1266	1199	954.75	
531	1265	1199	955	
543	1265	1199	955.25	
536	1265	1199	955.5	
548	1264	1199	955.75	
566	1264	1199	956	
560	1264	1199	956.25	
569	1263	1199	956.5	
580	1263	1199	956.75	
570	1263	1199	957	
580	1262	1199	957.25	
588	1262	1199	957.5	
582	1262	1199	957.75	
589	1261	1199	958	
600	1261	1199	958.25	
600	1261	1199	958.5	
604	1260	1199	958.75	
610	1260	1199	959	
612	1260	1199	959.25	
629	1258	1198	959.5	
642	1256	1199	959.75	
642	1255	1199	960	
685	1255	1199	960.25	
681	1255	1199	960.5	
691	1254	1199	960.75	
714	1254	1199	961	
695	1254	1200	961.25	
716	1253	1199	961.5	
720	1253	1199	961.75	
721	1252	1200	962	
722	1252	1199	962.25	
722	1252	1200	962.5	
723	1251	1200	962.75	
723	1251	1200	963	
723	1251	1200	963.25	
724	1250	1200	963.5	
724	1250	1200	963.75	
722	1250	1200	964	
723	1251	1198	964.25	
722	1251	1198	964.5	
718	1250	1202	964.75	
719	1250	1202	965	
716	1252	1199	965.25	
719	1249	1202	965.5	
717	1251	1200	965.75	
715	1251	1200	966	
718	1250	1200	966.25	
718	1250	1200	966.5	
717	1250	1200	966.75	
712	1249	1200	967	
697	1249	1200	967.25	
679	1248	1200	967.5	
681	1248	1200	967.75	
649	1248	1200	968	
640	1247	1200	968.25	
639	1247	1200	968.5	
630	1244	1201	968.75	
617	1244	1201	969	
617	1243	1201	969.25	
618	1243	1201	969.5	
604	1242	1200	969.75	
605	1242	1201	970	
598	1242	1201	970.25	
595	1241	1200	970.5	
586	1241	1200	970.75	
573	1241	1200	971	
577	1240	1200	971.25	
572	1240	1200	971.5	
569	1240	1200	971.75	
560	1239	1200	972	
564	1239	1200	972.25	
559	1239	1200	972.5	
549	1238	1200	972.75	

1145	1074	1325	947.25	
1173	1074	1331	947.5	
1190	1074	1330	947.75	
1168	1074	1330	948	
1163	1073	1326	948.25	
1195	1073	1327	948.5	
1228	1073	1330	948.75	
1194	1073	1329	949	
1195	1072	1326	949.25	
1233	1072	1330	949.5	
1256	1072	1330	949.75	
1225	1072	1329	950	
1218	1071	1325	950.25	
1256	1071	1330	950.5	
1290	1071	1329	950.75	
1270	1071	1329	951	
1252	1070	1327	951.25	
1292	1070	1329	951.5	
1332	1070	1329	951.75	
1289	1070	1329	952	
1293	1069	1329	952.25	
1329	1069	1329	952.5	
1359	1069	1329	952.75	
1316	1069	1329	953	
1330	1068	1326	953.25	
1364	1068	1329	953.5	
1387	1068	1329	953.75	
1335	1068	1329	954	
1362	1067	1328	954.25	
1404	1067	1328	954.5	
1427	1067	1328	954.75	
1362	1066	1326	955	
1418	1066	1328	955.25	
1444	1066	1328	955.5	
1458	1066	1328	955.75	
1409	1065	1328	956	
1451	1065	1328	956.25	
1493	1065	1327	956.5	
1487	1065	1328	956.75	
1460	1064	1327	957	
1509	1064	1327	957.25	
1519	1064	1328	957.5	
1509	1064	1328	957.75	
1510	1063	1327	958	
1545	1063	1327	958.25	
1544	1063	1328	958.5	
1528	1060	1329	958.75	
1549	1060	1329	959	
1562	1062	1327	959.25	
1569	1059	1329	959.5	
1626	1059	1329	959.75	
1601	1059	1329	960	
1626	1058	1329	960.25	
1668	1058	1329	960.5	
1677	1058	1329	960.75	
1641	1057	1329	961	
1676	1057	1329	961.25	
1678	1057	1329	961.5	
1678	1057	1330	961.75	
1677	1056	1330	962	
1679	1056	1329	962.25	
1679	1056	1329	962.5	
1679	1056	1330	962.75	
1679	1055	1330	963	
1680	1055	1330	963.25	
1681	1058	1329	963.5	
1678	1054	1330	963.75	
1680	1057	1329	964	
1682	1057	1329	964.25	
1682	1057	1329	964.5	
1682	1056	1329	964.75	
1682	1056	1329	965	
1683	1056	1329	965.25	
1683	1055	1329	965.5	
1682	1055	1330	965.75	
1682	1055	1330	966	
1683	1055	1330	966.25	
1683	1054	1330	966.5	
1683	1054	1330	966.75	
1664	1054	1330	967	
1635	1053	1330	967.25	
1644	1053	1330	967.5	
1613	1053	1330	967.75	
1563	1053	1330	968	
1583	1052	1330	968.25	
1570	1052	1330	968.5	
1526	1049	1331	968.75	
1557	1049	1332	969	
1535	1049	1332	969.25	
1500	1049	1332	969.5	
1518	1048	1332	969.75	
1529	1048	1332	970	
1499	1048	1332	970.25	
1464	1048	1332	970.5	
1497	1047	1332	970.75	
1499	1047	1332	971	
1450	1047	1332	971.25	
1419	1046	1331	971.5	
1466	1046	1332	971.75	
1447	1046	1332	972	
1404	1046	1333	972.25	
1398	1045	1331	972.5	
1434	1045	1331	972.75	

1143	826	1225	947.25	
1179	826	1231	947.5	
1192	826	1230	947.75	
1168	826	1230	948	
1169	825	1231	948.25	
1206	825	1232	948.5	
1229	825	1230	948.75	
1189	825	1229	949	
1199	824	1226	949.25	
1236	824	1230	949.5	
1255	824	1230	949.75	
1216	824	1229	950	
1222	823	1230	950.25	
1260	823	1232	950.5	
1281	823	1229	950.75	
1260	823	1229	951	
1257	822	1227	951.25	
1291	822	1232	951.5	
1328	822	1229	951.75	
1282	822	1229	952	
1296	821	1226	952.25	
1328	821	1229	952.5	
1354	821	1229	952.75	
1319	821	1230	953	
1330	820	1226	953.25	
1366	820	1228	953.5	
1392	820	1229	953.75	
1359	820	1229	954	
1364	819	1228	954.25	
1409	819	1229	954.5	
1444	819	1229	954.75	
1384	819	1229	955	
1423	818	1228	955.25	
1453	818	1228	955.5	
1472	818	1229	955.75	
1436	818	1229	956	
1464	817	1229	956.25	
1507	817	1228	956.5	
1533	817	1229	956.75	
1474	817	1229	957	
1516	816	1228	957.25	
1551	816	1228	957.5	
1567	816	1229	957.75	
1529	815	1229	958	
1570	815	1228	958.25	
1606	815	1228	958.5	
1600	815	1229	958.75	
1575	814	1228	959	
1616	814	1228	959.25	
1657	814	1228	959.5	
1662	811	1229	959.75	
1673	811	1229	960	
1652	810	1229	960.25	
1724	810	1229	960.5	
1765	810	1229	960.75	
1693	810	1229	961	
1755	809	1229	961.25	
1776	809	1229	961.5	
1778	809	1230	961.75	
1777	808	1230	962	
1779	808	1230	962.25	
1779	808	1230	962.5	
1779	807	1230	962.75	
1779	807	1230	963	
1780	807	1230	963.25	
1777	807	1230	963.5	
1780	806	1230	963.75	
1779	806	1230	964	
1782	809	1229	964.25	
1782	809	1229	964.5	
1782	808	1229	964.75	
1782	808	1229	965	
1783	808	1229	965.25	
1783	807	1229	965.5	
1782	807	1230	965.75	
1782	807	1230	966	
1783	807	1230	966.25	
1783	806	1230	966.5	
1783	806	1230	966.75	
1755	806	1230	967	
1738	805	1230	967.25	
1741	805	1230	967.5	
1677	805	1230	967.75	
1617	802	1232	968	
1669	804	1230	968.25	
1616	804	1230	968.5	
1628	801	1231	968.75	
1605	801	1231	969	
1555	801	1231	969.25	
1568	800	1231	969.5	
1592	800	1231	969.75	
1546	800	1231	970	
1501	800	1232	970.25	
1522	799	1231	970.5	
1534	799	1230	970.75	
1501	799	1232	971	
1464	799	1230	971.25	
1491	798	1230	971.5	
1495	798	1230	971.75	
1448	798	1231	972	
1417	797	1230	972.25	
1450	797	1230	972.5	
1446	797	1229	972.75	

1146	700	1016	947.25	
1170	700	1013	947.5	
1187	700	1012	947.75	
1163	700	1012	948	
1164	699	1016	948.25	
1196	699	1014	948.5	
1223	699	1012	948.75	
1188	699	1011	949	
1194	698	1008	949.25	
1232	698	1012	949.5	
1248	698	1011	949.75	
1215	698	1011	950	
1219	697	1015	950.25	
1256	697	1014	950.5	
1282	697	1011	950.75	
1255	697	1011	951	
1262	696	1015	951.25	
1289	696	1011	951.5	
1323	696	1011	951.75	
1278	696	1012	952	
1297	695	1008	952.25	
1338	695	1014	952.5	
1350	695	1011	952.75	
1320	695	1012	953	
1330	694	1014	953.25	
1368	694	1014	953.5	
1390	694	1012	953.75	
1354	694	1012	954	
1372	693	1014	954.25	
1409	693	1010	954.5	
1434	693	1011	954.75	
1382	693	1011	955	
1424	692	1010	955.25	
1453	692	1013	955.5	
1474	692	1011	955.75	
1437	692	1011	956	
1465	691	1011	956.25	
1503	691	1010	956.5	
1534	691	1011	956.75	
1488	691	1012	957	
1517	690	1010	957.25	
1558	690	1010	957.5	
1600	690	1012	957.75	
1538	690	1012	958	
1581	689	1012	958.25	
1624	689	1012	958.5	
1650	689	1011	958.75	
1588	689	1011	959	
1638	688	1011	959.25	
1684	688	1012	959.5	
1715	688	1011	959.75	
1691	685	1012	960	
1699	687	1012	960.25	
1745	684	1012	960.5	
1823	684	1012	960.75	
1820	684	1012	961	
1860	683	1012	961.25	
1910	683	1012	961.5	
1923	683	1012	961.75	
1923	682	1012	962	
1925	682	1012	962.25	
1925	682	1011	962.5	
1924	681	1012	962.75	
1925	681	1012	963	
1927	681	1012	963.25	
1900	681	1012	963.5	
1902	680	1012	963.75	
1870	680	1012	964	
1923	683	1012	964.25	
1929	683	1012	964.5	
1929	682	1012	964.75	
1929	682	1011	965	
1931	682	1011	965.25	
1931	681	1011	965.5	
1931	681	1012	965.75	
1931	681	1012	966	
1918	681	1012	966.25	
1910	680	1012	966.5	
1875	680	1012	966.75	
1796	680	1012	967	
1817	679	1012	967.25	
1778	679	1012	967.5	
1726	676	1012	967.75	
1682	676	1012	968	
1678	678	1012	968.25	
1673	675	1012	968.5	
1667	675	1012	968.75	
1627	675	1011	969	
1574	675	1011	969.25	
1610	674	1012	969.5	
1611	674	1011	969.75	
1578	674	1011	970	
1525	673	1012	970.25	
1560	673	1011	970.5	
1560	673	1011	970.75	
1515	673	1010	971	
1474	672	1011	971.25	
1524	672	1011	971.5	
1503	672	1011	971.75	
1455	672	1010	972	
1437	671	1011	972.25	
1467	671	1011	972.5	
1451	671	1010	972.75	

1142	820	804	947.25	
1175	820	801	947.5	
1190	820	801	947.75	
1161	820	800	948	
1168	819	804	948.25	
1200	819	797	948.5	
1222	819	800	948.75	
1187	819	799	949	
1196	818	796	949.25	
1230	818	800	949.5	
1245	818	799	949.75	
1213	818	799	950	
1221	817	801	950.25	
1259	817	802	950.5	
1278	817	799	950.75	
1254	817	799	951	
1264	816	803	951.25	
1294	816	802	951.5	
1323	816	799	951.75	
1279	816	799	952	
1298	815	803	952.25	
1344	815	802	952.5	
1353	815	799	952.75	
1321	815	800	953	
1336	814	802	953.25	
1378	814	802	953.5	
1390	814	800	953.75	
1358	814	800	954	
1383	813	802	954.25	
1404	813	802	954.5	
1440	813	800	954.75	
1380	813	800	955	
1422	812	802	955.25	
1452	812	801	955.5	
1473	812	800	955.75	
1426	812	800	956	
1461	811	800	956.25	
1498	811	801	956.5	
1515	811	801	956.75	
1465	811	800	957	
1520	810	801	957.25	
1561	810	801	957.5	
1553	810	800	957.75	
1532	809	801	958	
1571	809	801	958.25	
1606	809	801	958.5	
1578	809	801	958.75	
1580	808	801	959	
1601	808	801	959.25	
1623	808	801	959.5	
1653	805	800	959.75	
1652	805	800	960	
1641	804	800	960.25	
1717	804	800	960.5	
1745	804	800	960.75	
1723	803	800	961	
1760	803	800	961.25	
1761	803	800	961.5	
1761	803	800	961.75	
1761	802	800	962	
1762	802	800	962.25	
1762	802	800	962.5	
1762	801	800	962.75	
1762	801	800	963	
1763	801	800	963.25	
1755	804	800	963.5	
1760	800	799	963.75	
1763	803	800	964	
1764	803	800	964.25	
1764	803	800	964.5	
1764	802	800	964.75	
1764	802	800	965	
1765	802	800	965.25	
1765	801	800	965.5	
1765	801	800	965.75	
1765	801	800	966	
1751	801	800	966.25	
1765	800	799	966.5	
1761	800	799	966.75	
1719	800	799	967	
1738	799	799	967.25	
1742	799	799	967.5	
1667	799	799	967.75	
1618	796	798	968	
1671	798	799	968.25	
1606	798	799	968.5	
1628	795	798	968.75	
1604	795	798	969	
1565	795	798	969.25	
1574	794	798	969.5	
1593	794	798	969.75	
1568	794	798	970	
1521	794	798	970.25	
1543	793	799	970.5	
1553	793	799	970.75	
1519	793	798	971	
1471	792	799	971.25	
1525	792	799	971.5	
1507	792	798	971.75	
1457	792	798	972	
1445	791	799	972.25	
1468	791	799	972.5	
1455	791	798	972.75	

1144	1050	734	947.25	
1169	1050	731	947.5	
1188	1050	730	947.75	
1156	1050	730	948	
1168	1049	733	948.25	
1199	1049	732	948.5	
1222	1049	730	948.75	
1182	1049	729	949	
1197	1048	733	949.25	
1234	1048	730	949.5	
1245	1048	730	949.75	
1209	1048	729	950	
1222	1047	733	950.25	
1256	1047	732	950.5	
1277	1047	729	950.75	
1242	1047	729	951	
1264	1046	733	951.25	
1290	1046	732	951.5	
1308	1046	729	951.75	
1270	1046	730	952	
1298	1045	733	952.25	
1335	1045	732	952.5	
1343	1045	730	952.75	
1306	1045	730	953	
1331	1044	732	953.25	
1368	1044	732	953.5	
1377	1044	730	953.75	
1327	1043	733	954	
1379	1043	732	954.25	
1406	1043	731	954.5	
1407	1043	731	954.75	
1371	1042	732	955	
1424	1042	732	955.25	
1452	1042	731	955.5	
1445	1042	731	955.75	
1414	1041	732	956	
1459	1041	731	956.25	
1484	1041	731	956.5	
1475	1041	731	956.75	
1456	1040	731	957	
1503	1040	732	957.25	
1514	1040	731	957.5	
1481	1040	730	957.75	
1506	1039	732	958	
1534	1039	732	958.25	
1538	1039	731	958.5	
1516	1036	730	958.75	
1544	1038	732	959	
1569	1038	732	959.25	
1556	1038	731	959.5	
1604	1035	730	959.75	
1580	1035	730	960	
1610	1034	730	960.25	
1648	1034	730	960.5	
1673	1034	730	960.75	
1674	1033	730	961	
1691	1033	730	961.25	
1691	1033	730	961.5	
1691	1033	730	961.75	
1691	1032	730	962	
1692	1032	730	962.25	
1692	1032	730	962.5	
1692	1031	730	962.75	
1692	1031	730	963	
1693	1031	730	963.25	
1684	1034	730	963.5	
1692	1030	729	963.75	
1693	1033	730	964	
1694	1033	730	964.25	
1694	1033	730	964.5	
1694	1032	730	964.75	
1694	1032	730	965	
1695	1032	730	965.25	
1695	1031	730	965.5	
1695	1031	730	965.75	
1695	1031	730	966	
1690	1031	729	966.25	
1695	1030	729	966.5	
1695	1030	729	966.75	
1676	1030	729	967	
1668	1029	729	967.25	
1686	1029	729	967.5	
1638	1029	729	967.75	
1573	1026	727	968	
1626	1028	729	968.25	
1591	1028	729	968.5	
1556	1025	728	968.75	
1560	1025	727	969	
1538	1027	729	969.25	
1507	1024	728	969.5	
1541	1024	728	969.75	
1534	1024	728	970	
1506	1024	728	970.25	
1495	1023	728	970.5	
1522	1023	728	970.75	
1508	1023	728	971	
1459	1023	728	971.25	
1484	1022	728	971.5	
1501	1022	728	971.75	
1456	1022	728	972	
1414	1022	727	972.25	
1457	1021	728	972.5	
1454	1021	728	972.75	

