322	1070	1047	909	
325	1069	1047	910	
325	1070	1042	911	
330	1066	1048	912	
333	1066	1046	913	
338	1066	1044	914	
341	1067	1039	915	
344	1063	1045	916	
347	1062	1045	917	
349	1064	1038	918	
353	1063	1038	919	
358	1061	1040	920	
363	1059	1042	921	
367	1059	1040	922	
365	1059	1037	923	
372	1056	1041	924	
379	1056	1039	925	
383	1056	1037	926	
387	1055	1037	927	
393	1054	1036	928	
400	1052	1038	929	
407	1052	1036	930	
408	1051	1036	931	
412	1051	1033	932	
423	1049	1035	933	
430	1048	1035	934	
426	1048	1032	935	
440	1047	1032	936	
452	1046	1032	937	
459	1045	1032	938	
468	1044	1032	939	
464	1043	1031	940	
491	1042	1031	941	
488	1041	1031	942	
502	1040	1031	943	
507	1039	1031	944	
516	1037	1032	945	
541	1037	1030	946	
551	1036	1030	947	
555	1035	1014	948	
564	1034	1014	949	
595	1033	1029	950	
598	1033	1027	951	
623	1031	1015	952	
642	1031	1026	953	
679	1030	1026	954	
703	1030	1022	955	
745	1029	1022	956	
808	1028	1022	957	
885	1027	1022	958	
961	1026	1022	959	
1067	1025	1022	960	
1204	1024	1022	961	
1379	1023	1022	962	
1563	1022	1022	963	
1556	1021	1022	964	
1347	1019	1022	965	
1213	1018	1022	966	
1080	1017	1022	967	
974	1016	1022	968	
903	1015	1022	969	
827	1014	1022	970	
764	1013	1022	971	
715	1012	1022	972	
694	1013	1016	973	
659	1012	1016	974	
631	1012	1014	975	
636	1010	1015	976	
617	1009	1015	977	
588	1009	1013	978	
573	1007	1014	979	
566	1006	1014	980	
557	1005	1014	981	
540	1005	1012	982	
528	1005	1010	983	
521	1003	1011	984	
508	1002	1011	985	
497	1002	1009	986	
483	1001	1009	987	
483	999	1010	988	
479	999	1008	989	
466	998	1008	990	
457	998	1006	991	
443	996	1007	992	
450	995	1007	993	
446	995	1005	994	
432	994	1005	995	
424	994	1003	996	
417	991	1006	997	
423	991	1004	998	
410	991	1002	999	
402	990	1002	1000	
401	990	1000	1001	
392	988	1001	1002	
396	987	1001	1003	
384	987	999	1004	
384	984	1002	1005	
377	984	1000	1006	
374	984	998	1007	
374	983	998	1008	
368	983	996	1009	
363	980	999	1010	
358	980	997	1011	

332	1040	1341	909	
336	1039	1341	910	
330	1037	1342	911	
339	1037	1340	912	
344	1036	1340	913	
346	1036	1338	914	
346	1035	1338	915	
352	1033	1339	916	
356	1033	1337	917	
359	1032	1337	918	
359	1031	1337	919	
365	1031	1334	920	
373	1029	1336	921	
372	1028	1336	922	
368	1028	1334	923	
377	1026	1335	924	
388	1026	1333	925	
389	1025	1333	926	
388	1024	1333	927	
392	1024	1330	928	
409	1022	1332	929	
407	1022	1330	930	
408	1020	1300	931	
415	1019	1300	932	
429	1019	1329	933	
430	1018	1329	934	
426	1016	1301	935	
439	1016	1303	936	
452	1014	1330	937	
458	1014	1328	938	
467	1013	1328	939	
461	1012	1304	940	
481	1012	1325	941	
486	1010	1327	942	
494	1010	1325	943	
506	1008	1305	944	
503	1007	1305	945	
540	1007	1324	946	
541	1005	1306	947	
549	1005	1308	948	
562	1004	1308	949	
561	1004	1321	950	
582	1003	1321	951	
628	1001	1309	952	
623	1001	1320	953	
653	1001	1316	954	
694	1000	1316	955	
734	999	1316	956	
798	998	1316	957	
877	997	1316	958	
949	996	1316	959	
1044	995	1315	960	
1173	994	1315	961	
1266	993	1315	962	
1314	992	1316	963	
1313	991	1316	964	
1167	989	1316	965	
1141	988	1316	966	
1060	987	1316	967	
960	986	1316	968	
891	985	1316	969	
822	984	1316	970	
764	983	1316	971	
715	982	1316	972	
678	981	1316	973	
643	980	1316	974	
609	981	1322	975	
600	980	1322	976	
563	979	1309	977	
565	978	1309	978	
554	977	1323	979	
544	976	1308	980	
553	975	1308	981	
517	974	1308	982	
503	973	1307	983	
506	972	1307	984	
501	972	1305	985	
500	971	1305	986	
460	971	1303	987	
482	969	1304	988	
472	968	1304	989	
467	968	1302	990	
450	967	1302	991	
441	966	1301	992	
453	965	1301	993	
438	964	1301	994	
432	964	1299	995	
420	962	1300	996	
418	962	1298	997	
425	961	1298	998	
405	961	1296	999	
402	960	1296	1000	
405	958	1297	1001	
395	958	1295	1002	
397	957	1295	1003	
384	957	1293	1004	
384	954	1296	1005	
380	954	1294	1006	
378	954	1292	1007	
375	953	1292	1008	
373	953	1290	1009	
367	951	1291	1010	
358	950	1291	1011	

279	1243	1216	909	
285	1242	1287	910	
286	1240	1288	911	
288	1240	1217	912	
292	1239	1286	913	
293	1239	1219	914	
296	1237	1285	915	
289	1237	1220	916	
301	1236	1220	917	
300	1235	1283	918	
308	1234	1221	919	
306	1234	1281	920	
303	1233	1223	921	
310	1232	1223	922	
305	1231	1280	923	
323	1230	1224	924	
315	1230	1278	925	
321	1229	1226	926	
321	1227	1225	927	
316	1228	1228	928	
338	1226	1227	929	
317	1226	1275	930	
340	1225	1229	931	
335	1223	1228	932	
332	1224	1231	933	
352	1222	1230	934	
326	1222	1232	935	
368	1220	1231	936	
347	1220	1232	937	
356	1219	1233	938	
366	1219	1234	939	
352	1217	1234	940	
393	1217	1235	941	
344	1217	1237	942	
396	1215	1236	943	
373	1215	1237	944	
393	1214	1238	945	
412	1213	1238	946	
383	1213	1240	947	
425	1212	1240	948	
382	1211	1241	949	
435	1210	1241	950	
411	1210	1242	951	
433	1208	1242	952	
452	1208	1243	953	
438	1207	1244	954	
469	1206	1244	955	
430	1205	1245	956	
485	1205	1246	957	
456	1205	1247	958	
485	1207	1252	959	
530	1206	1252	960	
547	1205	1251	961	
659	1203	1251	962	
761	1202	1252	963	
769	1201	1252	964	
782	1199	1252	965	
693	1198	1252	966	
541	1197	1252	967	
508	1195	1252	968	
473	1194	1252	969	
493	1197	1257	970	
454	1197	1258	971	
467	1195	1258	972	
453	1195	1259	973	
438	1194	1260	974	
454	1194	1261	975	
395	1192	1261	976	
445	1192	1262	977	
398	1192	1263	978	
422	1191	1264	979	
403	1190	1264	980	
398	1189	1265	981	
403	1189	1266	982	
362	1188	1267	983	
404	1187	1267	984	
360	1186	1267	985	
380	1186	1269	986	
363	1184	1268	987	
363	1184	1270	988	
372	1183	1270	989	
332	1181	1234	990	
354	1181	1271	991	
336	1180	1271	992	
344	1181	1274	993	
344	1179	1273	994	
331	1177	1231	995	
349	1178	1275	996	
329	1176	1229	997	
330	1176	1276	998	
324	1175	1276	999	
326	1173	1228	1000	
326	1174	1278	1001	
328	1172	1226	1002	
317	1173	1280	1003	
321	1171	1224	1004	
313	1169	1225	1005	
313	1169	1280	1006	
320	1168	1223	1007	
306	1169	1283	1008	
319	1167	1221	1009	
300	1165	1222	1010	
308	1166	1219	1011	

226	1364	1100	909	
228	1361	1101	910	
233	1362	1099	911	
224	1361	1013	912	
239	1360	1098	913	
230	1361	1096	914	
234	1358	1097	915	
238	1359	1095	916	
234	1358	1017	917	
247	1357	1094	918	
235	1358	1092	919	
243	1355	1093	920	
245	1356	1091	921	
244	1354	1091	922	
255	1354	1090	923	
248	1352	1090	924	
252	1352	1089	925	
253	1353	1087	926	
254	1351	1087	927	
260	1351	1086	928	
263	1349	1086	929	
261	1349	1085	930	
258	1350	1083	931	
269	1348	1083	932	
269	1348	1082	933	
276	1346	1082	934	
270	1347	1080	935	
267	1347	1079	936	
279	1345	1079	937	
275	1345	1078	938	
290	1343	1078	939	
281	1344	1076	940	
281	1342	1076	941	
295	1342	1075	942	
285	1340	1075	943	
297	1340	1074	944	
290	1341	1072	945	
298	1339	1072	946	
308	1339	1071	947	
289	1338	1070	948	
304	1338	1069	949	
306	1338	1068	950	
312	1336	1068	951	
315	1336	1067	952	
307	1335	1066	953	
318	1335	1065	954	
317	1335	1064	955	
317	1334	1063	956	
318	1334	1062	957	
317	1333	1050	958	
319	1332	1061	959	
342	1337	1056	960	
380	1335	1056	961	
488	1334	1056	962	
555	1332	1056	963	
621	1331	1056	964	
546	1329	1056	965	
448	1327	1056	966	
357	1326	1056	967	
321	1324	1056	968	
318	1328	1051	969	
318	1328	1050	970	
317	1327	1049	971	
318	1327	1048	972	
315	1327	1047	973	
311	1326	1065	974	
318	1326	1045	975	
310	1326	1044	976	
311	1324	1044	977	
306	1324	1043	978	
302	1323	1042	979	
310	1323	1041	980	
303	1323	1040	981	
297	1321	1040	982	
302	1322	1038	983	
299	1320	1038	984	
298	1320	1037	985	
292	1319	1075	986	
288	1319	1035	987	
295	1319	1034	988	
287	1317	1034	989	
282	1317	1033	990	
281	1318	1031	991	
278	1316	1031	992	
283	1316	1030	993	
278	1314	1030	994	
272	1314	1029	995	
268	1312	1029	996	
271	1313	1027	997	
271	1313	1026	998	
268	1311	1026	999	
262	1311	1025	1000	
259	1309	1025	1001	
264	1310	1023	1002	
260	1310	1022	1003	
260	1308	1022	1004	
256	1309	1020	1005	
251	1306	1021	1006	
260	1307	1019	1007	
246	1306	1093	1008	
251	1305	1018	1009	
247	1306	1016	1010	
245	1303	1017	1011	

272	1270	847	909	
269	1270	845	910	
290	1268	846	911	
276	1268	771	912	
293	1267	844	913	
269	1266	844	914	
285	1266	842	915	
296	1264	843	916	
282	1265	775	917	
305	1263	841	918	
280	1263	776	919	
299	1262	839	920	
301	1260	840	921	
293	1261	837	922	
319	1259	838	923	
291	1260	780	924	
317	1257	837	925	
297	1257	836	926	
316	1255	836	927	
330	1255	835	928	
309	1253	835	929	
338	1253	834	930	
309	1250	835	931	
340	1252	832	932	
333	1252	831	933	
337	1250	831	934	
355	1250	830	935	
333	1249	829	936	
362	1248	829	937	
329	1248	828	938	
364	1246	828	939	
358	1247	826	940	
366	1245	826	941	
384	1245	825	942	
363	1243	825	943	
398	1243	824	944	
364	1243	823	945	
401	1241	823	946	
394	1242	821	947	
400	1240	821	948	
420	1240	820	949	
396	1238	820	950	
433	1238	819	951	
399	1239	817	952	
435	1237	817	953	
434	1237	816	954	
433	1235	816	955	
445	1235	815	956	
436	1234	814	957	
450	1234	813	958	
442	1233	812	959	
505	1236	808	960	
568	1235	808	961	
611	1233	808	962	
740	1232	808	963	
704	1231	808	964	
666	1229	807	965	
591	1228	807	966	
495	1226	807	967	
471	1225	808	968	
450	1228	803	969	
429	1226	803	970	
449	1227	801	971	
426	1226	801	972	
439	1225	800	973	
425	1225	799	974	
422	1224	798	975	
428	1224	797	976	
401	1222	797	977	
423	1222	796	978	
392	1222	795	979	
409	1221	794	980	
394	1221	793	981	
395	1219	793	982	
394	1219	792	983	
362	1217	792	984	
391	1217	791	985	
360	1218	789	986	
381	1216	789	987	
368	1216	788	988	
360	1214	788	989	
367	1214	787	990	
333	1215	785	991	
363	1212	786	992	
336	1213	784	993	
349	1210	785	994	
339	1211	783	995	
330	1209	783	996	
343	1208	783	997	
311	1210	780	998	
338	1207	781	999	
316	1208	779	1000	
331	1205	780	1001	
325	1205	779	1002	
294	1204	778	1003	
324	1203	778	1004	
297	1204	776	1005	
327	1202	776	1006	
303	1202	775	1007	
303	1200	775	1008	
309	1201	773	1009	
280	1201	772	1010	
312	1198	773	1011	

340	1062	707	909	
344	1061	707	910	
340	1062	702	911	
348	1059	706	912	
352	1059	704	913	
355	1057	706	914	
355	1057	704	915	
359	1056	703	916	
365	1055	703	917	
367	1054	703	918	
369	1053	703	919	
378	1053	700	920	
383	1052	700	921	
384	1051	700	922	
384	1050	700	923	
388	1048	701	924	
400	1048	699	925	
402	1047	699	926	
403	1046	699	927	
409	1046	696	928	
421	1044	698	929	
425	1044	696	930	
425	1043	696	931	
430	1043	693	932	
441	1042	693	933	
447	1040	695	934	
442	1040	692	935	
455	1039	692	936	
470	1038	692	937	
476	1037	692	938	
483	1036	692	939	
480	1035	691	940	
507	1034	691	941	
508	1033	691	942	
521	1032	691	943	
526	1031	691	944	
535	1029	692	945	
560	1029	690	946	
569	1028	690	947	
566	1028	687	948	
585	1027	687	949	
616	1025	689	950	
625	1025	687	951	
634	1024	687	952	
665	1024	683	953	
704	1023	682	954	
743	1022	682	955	
785	1021	682	956	
849	1020	682	957	
925	1019	682	958	
1001	1018	682	959	
1101	1017	682	960	
1222	1016	682	961	
1332	1015	682	962	
1388	1014	682	963	
1313	1013	682	964	
1155	1011	681	965	
1179	1010	681	966	
1111	1009	681	967	
1010	1008	681	968	
937	1007	681	969	
865	1006	682	970	
803	1005	682	971	
755	1004	682	972	
719	1005	676	973	
682	1002	682	974	
658	1003	675	975	
667	1002	675	976	
638	1001	675	977	
608	1001	673	978	
603	999	674	979	
591	998	674	980	
579	998	672	981	
550	997	672	982	
539	995	673	983	
547	995	671	984	
529	994	671	985	
514	994	669	986	
490	994	667	987	
504	991	670	988	
499	991	668	989	
479	990	668	990	
473	988	669	991	
465	988	667	992	
470	987	667	993	
462	987	665	994	
441	987	663	995	
439	984	666	996	
437	984	664	997	
439	983	664	998	
426	983	662	999	
414	980	665	1000	
417	980	663	1001	
411	980	661	1002	
410	979	661	1003	
398	979	659	1004	
400	976	662	1005	
393	976	660	1006	
390	976	658	1007	
383	975	658	1008	
380	972	661	1009	
382	973	657	1010	
371	972	657	1011	

347	850	827	909	
357	850	825	910	
351	850	822	911	
353	846	828	912	
361	847	824	913	
365	845	826	914	
367	846	822	915	
369	845	821	916	
374	844	821	917	
378	843	821	918	
382	841	823	919	
387	842	818	920	
394	840	820	921	
396	839	820	922	
399	838	820	923	
397	838	817	924	
408	836	819	925	
415	836	817	926	
418	834	819	927	
416	835	814	928	
431	832	818	929	
438	832	816	930	
441	831	816	931	
442	831	813	932	
455	830	813	933	
462	828	815	934	
458	827	815	935	
463	827	812	936	
481	826	812	937	
490	825	812	938	
500	824	812	939	
492	822	814	940	
514	822	811	941	
522	821	811	942	
539	820	811	943	
545	819	811	944	
552	819	808	945	
574	817	810	946	
587	816	810	947	
585	816	807	948	
606	815	807	949	
626	813	809	950	
655	813	807	951	
665	812	807	952	
695	812	803	953	
730	811	802	954	
767	810	802	955	
810	809	802	956	
870	808	802	957	
950	807	802	958	
1034	806	802	959	
1141	805	802	960	
1280	804	802	961	
1442	803	802	962	
1541	802	802	963	
1480	801	802	964	
1291	799	801	965	
1255	798	801	966	
1158	797	801	967	
1053	796	801	968	
976	795	802	969	
897	794	802	970	
834	793	802	971	
782	792	802	972	
748	791	802	973	
712	790	802	974	
680	791	795	975	
686	790	795	976	
651	789	795	977	
621	789	793	978	
622	787	794	979	
609	786	794	980	
592	785	794	981	
561	785	792	982	
558	783	793	983	
562	783	791	984	
542	782	791	985	
526	782	789	986	
511	780	790	987	
523	779	790	988	
511	779	788	989	
491	778	788	990	
490	776	789	991	
482	776	787	992	
484	775	787	993	
473	775	785	994	
452	775	783	995	
455	772	786	996	
452	770	788	997	
448	771	784	998	
437	771	782	999	
431	768	785	1000	
431	767	785	1001	
424	765	787	1002	
419	764	787	1003	
408	767	779	1004	
413	764	782	1005	
406	762	784	1006	
402	764	778	1007	
390	761	781	1008	
394	760	781	1009	
394	758	783	1010	
385	757	783	1011	

341	781	1055	909	
349	780	1055	910	
344	780	1052	911	
349	776	1058	912	
355	777	1054	913	
359	775	1056	914	
359	776	1051	915	
364	775	1051	916	
367	774	1051	917	
371	772	1053	918	
375	771	1053	919	
383	771	1050	920	
388	770	1050	921	
389	768	1052	922	
390	768	1050	923	
390	768	1047	924	
402	766	1049	925	
408	765	1049	926	
411	764	1049	927	
415	764	1046	928	
427	762	1048	929	
428	762	1046	930	
432	761	1046	931	
432	761	1043	932	
446	759	1045	933	
456	758	1045	934	
451	757	1045	935	
456	757	1042	936	
471	756	1042	937	
483	754	1044	938	
494	753	1044	939	
483	753	1041	940	
510	752	1041	941	
514	751	1041	942	
529	750	1041	943	
534	749	1041	944	
537	747	1042	945	
568	747	1040	946	
575	746	1040	947	
573	746	1037	948	
593	745	1037	949	
623	743	1039	950	
635	743	1037	951	
644	742	1037	952	
669	742	1033	953	
707	740	1036	954	
742	740	1033	955	
786	739	1032	956	
848	738	1032	957	
929	737	1032	958	
1006	736	1032	959	
1107	735	1032	960	
1243	734	1031	961	
1407	733	1032	962	
1598	732	1032	963	
1614	731	1032	964	
1365	729	1032	965	
1250	728	1032	966	
1121	727	1032	967	
1013	726	1031	968	
941	725	1032	969	
866	724	1032	970	
807	723	1032	971	
757	722	1032	972	
727	723	1026	973	
685	720	1032	974	
667	721	1025	975	
672	720	1025	976	
642	719	1025	977	
611	719	1023	978	
606	717	1024	979	
595	716	1024	980	
583	715	1024	981	
553	715	1022	982	
543	713	1023	983	
549	713	1021	984	
532	712	1021	985	
515	712	1019	986	
497	712	1017	987	
508	709	1020	988	
501	709	1018	989	
483	708	1018	990	
474	706	1019	991	
470	706	1017	992	
471	705	1017	993	
465	705	1015	994	
443	705	1013	995	
439	704	1013	996	
440	702	1014	997	
439	701	1014	998	
430	701	1012	999	
415	698	1015	1000	
416	698	1013	1001	
415	698	1011	1002	
409	697	1011	1003	
402	697	1009	1004	
400	695	1010	1005	
392	694	1010	1006	
395	694	1008	1007	
383	693	1008	1008	
385	693	1006	1009	
384	691	1007	1010	
373	687	1013	1011	

